0.870053 58
0.063071 31
1.886091 1
1.640487 1
0.135773 1
2.856321 1
0.944205 1
0.118617 1
0.192735 1
0.231362 1
0.128539 1
0.983860 1
0.144357 1
0.110515 1
0.177053 1
0.152685 1
0.184159 4
0.144861 1
2.350280 1
0.120472 1
3.655400 1
0.175378 1
0.103970 2
0.473230 3891
0.010292 64
2.150058 74
5.864503 7
0.735520 1
0.311162 21
2.224408 22
1.774393 22
0.022799 22
0.146552 22
0.215431 22
0.128641 21
0.206593 22
1.816344 22
0.128881 22
0.160612 22
0.552027 22
0.207679 22
0.192071 22
0.079707 22
0.632694 37
0.687079 22
0.512832 22
0.166981 22
0.200350 22
0.160094 22
0.094538 21
0.071900 22
0.256070 22
0.104928 22
0.288410 22
0.687207 22
0.137699 22
0.239898 22
0.199217 22
0.119886 22
0.096312 22
0.134955 21
0.096894 22
0.679558 22
0.216022 22
0.152560 22
0.135715 7
2.263479 1
5.456832 1
0.207411 1
0.152030 1
0.151171 1
0.176149 1
0.232389 42
3.408999 42
0.199243 42
0.168700 42
0.143280 42
0.160055 42
0.415977 32
0.800777 32
0.135481 42
0.888072 42
0.167228 31
0.649641 31
0.086429 1
0.464040 1
0.500094 1
0.030291 1
0.030711 1
0.143041 1
0.167340 1
0.144881 1
0.127265 31
0.823369 1
0.568332 1
0.501625 1
0.029861 1
0.033057 1
0.028518 1
0.030016 1
0.030474 1
0.031494 1
0.030330 1
0.030472 1
0.030840 1
0.029892 17
3.580054 19
0.854372 26
0.710324 1
0.305474 1
0.071877 1
0.352318 29
0.152771 54
0.002331 50
0.000583 23
63.227324 2
0.466610 3830
0.009313 2
2.708145 1
0.143232 1
0.912336 39
1.453506 1
0.219349 1
0.342979 51
0.169072 50
0.000359 23
86.425220 2
0.614059 3830
0.008543 2
0.822457 6
0.303586 5
0.520185 65
1.088456 37
0.759990 37
0.499998 37
0.028994 37
0.032920 37
0.028976 37
0.029045 37
0.029578 37
0.030144 37
0.030450 37
0.030449 37
0.030630 37
0.031199 37
0.029426 37
0.030793 37
0.031024 37
0.030801 37
0.032225 37
0.031313 37
0.028838 37
0.030947 37
0.029575 37
0.030039 37
0.030931 37
0.031482 37
0.030637 37
0.031211 37
0.030452 37
0.030422 37
0.130709 37
0.159607 37
0.127466 37
0.087822 37
0.136819 37
0.135697 37
0.375903 1
0.448877 35
0.271676 1
0.568523 1
0.158318 1
0.104511 1
0.105102 1
0.135463 40
0.455978 35
1.208068 1
0.128085 1
0.095192 1
1.568399 26
1.080067 1
0.280371 1
0.080083 1
0.287186 29
0.164066 47
0.003089 50
0.001203 23
5.992577 2
0.249735 3761
0.008504 4
0.829311 65
0.568190 21
0.864507 1
0.455816 1
0.159199 1
0.231751 1
0.215615 37
0.409173 1
0.391264 19
0.799564 1
0.528813 1
0.143542 1
0.128878 1
0.103103 1
0.144386 1
0.335754 31
0.824348 16
0.736695 18
0.143082 27
0.816667 1
0.117814 1
0.072605 1
0.303558 29
0.163018 47
0.003191 50
0.000759 1
57.811963 1
0.157300 1
0.599777 1
12.056618 1
0.119396 1
0.072444 1
0.199999 1
0.127263 1
0.737034 1
0.167727 1
0.088386 1
0.193589 1
2.102520 1
0.231386 1
0.472600 1
0.190713 1
0.144691 1
1.903984 1
0.239947 1
0.167609 1
0.144190 2
2.146365 3889
0.008630 64
4.822304 19
0.157936 19
0.160163 19
0.207956 19
0.193066 19
0.079299 19
0.496660 33
0.500618 33
0.029052 33
0.032316 33
0.374355 19
0.470153 19
0.185413 19
0.239727 19
0.215598 19
0.184140 19
0.360742 20
1.384324 20
0.135561 20
0.150712 20
0.064878 20
0.224252 20
0.191654 19
0.719711 19
0.039674 20
0.143547 20
0.161730 20
0.184637 19
0.070306 20
0.087796 20
0.103833 20
0.104499 20
0.104475 19
0.416106 19
0.072293 20
0.584111 20
0.119461 20
0.168442 20
0.151223 20
0.145666 20
0.134544 20
0.336607 20
0.158735 20
0.160331 20
0.135616 20
0.089300 20
0.126314 19
0.104080 20
0.144115 20
0.112741 20
0.160633 20
0.183710 20
0.062943 20
0.225243 20
0.224053 20
0.159696 20
0.079003 20
0.177408 19
0.143935 20
0.535512 20
0.160354 20
0.175266 20
0.104891 17
2.668426 18
1.000659 1
0.274986 48
0.935498 4
0.408124 23
0.703736 35
0.568607 19
0.376187 17
0.416755 19
0.742521 26
1.556680 1
0.138727 1
0.102417 1
0.417831 27
0.232933 53
0.002861 50
0.001103 1
75.090818 1
0.126377 1
0.601721 1
7.231932 1
0.536002 1
0.175053 1
0.143582 1
0.203437 1
1.894020 1
0.263392 1
0.896593 1
0.191476 1
0.136151 1
1.271723 1
0.175046 1
0.187032 2
0.685816 3884
0.009434 64
1.169189 280
16.447417 6
3.110087 6
0.499247 6
0.030803 6
0.032062 6
0.029578 6
0.029841 6
0.029380 6
0.031920 6
0.028299 1
0.030053 4
0.554326 4
0.500591 4
0.029769 4
0.030850 4
0.029880 4
0.030369 4
0.029739 16
8.665608 44
0.842981 1
0.159868 1
0.111796 1
0.344595 22
0.401193 55
0.002689 50
0.001196 2
117.617560 4
0.583505 1
0.136849 1
0.886426 1
0.152534 1
0.135497 1
7.496500 1
0.248091 1
0.231694 1
0.192586 1
0.159380 2
0.240491 4
0.439595 4
0.223229 1
0.945315 1
0.191219 1
0.127863 1
0.200252 1
0.095554 4
0.448137 1
0.720685 1
0.247492 1
0.312501 1
0.246564 1
0.128977 1
0.135478 1
0.208072 1
0.448922 1
15.655151 2
1.866334 15
0.009189 3873
0.005847 64
1.215175 235
21.722480 7
10.349162 1
0.432218 1
0.231020 1
0.289101 1
0.199631 38
6.087578 38
0.191676 38
0.144620 38
0.135776 38
0.128108 38
0.576752 23
0.543540 23
0.272363 23
1.151762 7
1.671643 1
0.189514 1
0.501632 1
0.031607 1
0.031011 1
0.031461 1
0.028241 1
0.031338 1
0.029988 1
0.030771 1
0.030249 1
0.031217 1
0.029961 1
0.030201 1
0.413142 53
2.352093 53
0.287386 53
0.135864 53
0.159860 53
0.248062 43
1.016595 43
0.086214 7
1.865703 7
0.183742 7
0.128360 7
0.399412 1
0.656157 1
0.500650 1
0.030125 1
0.032075 1
0.031177 1
0.028975 1
0.030529 43
0.682954 43
0.143506 43
0.126747 43
0.095523 43
0.120841 43
0.104940 43
0.127528 43
0.119782 43
0.120264 43
0.135974 33
0.504970 4
0.247884 19
0.479702 19
0.407514 19
0.144332 19
0.199835 19
0.134725 19
0.191605 19
0.209643 19
0.143926 19
0.472589 19
0.279933 35
0.607980 19
0.415976 7
1.191943 7
0.230554 7
0.167689 7
0.128727 1
0.182970 1
0.786033 1
0.500272 1
0.030137 1
0.030215 1
0.029952 1
0.030761 1
0.031356 1
0.029292 1
0.030419 1
0.029891 1
0.030387 1
0.029651 19
7.868220 19
0.384883 19
0.134775 35
0.297759 35
0.151309 35
0.232563 17
0.441244 44
0.806362 1
0.135232 1
0.087527 1
11.874396 25
0.000742 23
0.001919 31
0.000007 50
0.001289 29
51.369793 31
1.616867 61
0.159035 49
0.128271 58
0.512757 2
0.336853 3763
0.008041 40
4.373988 1
0.231755 1
0.079538 1
0.312254 29
0.184266 47
0.002541 50
0.000555 1
1.141819 1
0.143463 1
0.103514 1
0.809461 1
0.174930 1
0.072671 1
0.205681 1
0.112818 1
0.769143 1
0.151827 1
0.167736 2
0.656541 1441
0.013992 50
0.003014 1
8.470003 1
0.096248 1
0.320508 1
0.167071 4
0.769064 4
0.143731 4
0.111171 4
0.104139 1
0.143273 31
0.905363 11
16.215879 34
0.240275 41
0.246660 10
2.823202 13
0.217427 1
2.519797 1
0.359557 1
0.329023 1
0.143540 1
0.207682 1
0.152754 1
0.247864 1
3.896418 4
0.814170 1
0.224853 1
0.392314 1
0.127937 1
0.202782 1
0.132230 1
0.160748 1
0.207437 1
0.288317 2
0.993512 15
0.008667 3871
0.008403 62
11.142882 347
0.001047 17
3.271326 6
0.293462 1237
0.000923 64
0.952062 287
0.562488 7
0.966141 7
0.167238 7
0.499820 7
0.030625 6
0.197201 7
0.248402 1
1.752441 1
0.500335 1
0.031094 1
0.107723 1
0.176385 1
0.112156 1
0.127509 1
0.151894 59
0.721131 59
0.144012 59
0.133761 59
0.104900 59
0.112647 59
0.135160 59
0.111994 59
0.376256 49
0.583091 49
0.249726 49
0.223432 49
0.144342 49
0.152412 1
0.720489 1
0.499414 1
0.029803 1
0.032254 1
0.029902 1
0.028791 1
0.030586 1
0.030732 1
0.030050 1
0.030691 1
0.030721 1
0.029893 6
0.106802 7
0.762120 7
2.631579 7
0.551930 1
0.432760 1
0.499877 1
0.029066 1
0.032272 1
0.030718 1
0.030676 1
0.031419 1
3.033120 44
1.064647 44
0.143463 44
0.143591 44
0.126584 43
0.113660 43
0.135267 43
0.136908 43
0.648519 33
0.791955 33
0.303187 33
1.384235 34
0.175367 34
0.119804 7
5.168990 7
0.199297 1
0.167833 17
0.473715 44
0.750479 1
0.142544 1
0.080459 1
0.313232 1
0.159714 23
0.000674 23
0.002268 31
0.000764 50
0.001565 1
2.930469 1
0.128409 2
0.170677 378
0.005625 50
0.000188 1
5.807994 1
0.110760 1
0.168701 1
0.966967 1
0.272550 1
0.320753 15
0.235738 1
2.556278 1
0.383722 1
0.231342 15
0.216313 4
0.687747 1
0.312635 1
0.135513 1
0.168484 1
0.191694 1
0.207770 1
0.175976 1
0.103808 1
0.208256 2
1.713447 50
0.008354 31
1.038795 1
0.191139 1
0.128099 2
0.202764 436
0.009878 1
16.835393 1
0.096098 1
0.256013 1
0.255846 1
0.888208 1
0.376048 1
0.287811 13
0.176537 2
0.344668 165
0.006455 50
0.004110 20
10.428190 25
0.407656 48
0.415720 1
1.145550 1
0.500301 1
0.029512 1
0.031858 1
0.029184 1
0.030990 1
0.028993 1
0.031127 3
1.540310 3
0.501607 3
0.029722 3
0.030451 3
0.029415 3
0.030355 3
0.029322 3
0.029887 1
0.031497 1
0.030252 1
0.031077 1
0.030937 54
1.834189 1
2.417627 1
0.079203 1
0.224591 1
1.303949 1
0.224037 1
0.186939 1
1.453268 13
0.239493 2
0.872917 15
0.006545 73
0.002063 2820
0.000740 2
0.734981 2
0.182832 2
0.128122 2
0.152533 2
0.663071 5
0.600653 65
1.336317 1
0.423836 35
0.336436 35
0.183811 35
0.127742 35
0.112036 35
0.111402 35
0.120688 35
0.110902 35
0.128338 35
0.120298 33
0.120601 33
0.119385 33
0.168477 33
0.376262 43
0.359117 17
1.226086 44
0.998405 1
0.086845 1
0.112753 1
0.287354 24
0.192553 17
0.002998 31
0.000211 50
0.002776 31
1.401037 19
1.586036 77
0.149494 54
1.138948 1
0.903010 1
0.143565 2
0.233855 386
0.007518 50
0.000459 2
20.790248 21
0.176078 77
0.144347 25
0.535948 48
0.335908 1
1.735996 1
0.500058 1
0.030600 1
0.030525 1
0.031545 1
0.029740 1
0.030034 1
0.030697 1
0.030345 1
0.029920 1
0.029323 1
0.030401 1
0.031353 1
0.029328 1
0.031315 1
0.030992 1
0.031358 1
0.029367 1
0.030312 1
0.030526 1
0.031259 1
0.030839 1
0.029122 1
0.031684 1
0.236216 62
1.049370 45
0.151223 55
0.183903 51
1.104923 51
0.134795 55
0.497327 51
0.535383 51
0.087146 3
8.896856 103
1.143989 53
0.648316 53
0.112198 53
0.278829 55
0.215927 2
0.322586 139
0.003386 50
0.003147 30
207.927102 8
1.213281 12
0.351443 2
1.432562 2
0.247743 4
0.471669 4
0.136276 2
0.999962 2
0.288267 2
0.287722 21
1.798771 2
1.456814 1
0.088325 4
0.800821 4
0.190687 1
0.704493 1
0.000583 1
1.415395 1
0.239817 1
0.904258 1
0.127697 1
0.183872 5
1.522323 1
1.957781 1
5.672899 1
0.094796 1
0.223912 1
1.512590 4
5.880718 4
0.498939 4
0.029832 4
0.031477 4
0.030532 4
0.030796 4
0.030229 4
0.031506 4
0.029001 4
0.028312 4
0.031732 4
0.030643 4
0.029637 4
0.029372 4
0.030712 4
0.030528 4
0.030423 4
0.031546 4
0.031871 4
0.029747 4
0.029810 4
0.031167 4
0.029712 4
0.034052 1
0.028706 1
0.030599 30
0.777016 54
1.167025 1
0.976418 1
0.127633 1
0.095464 1
0.928880 1
0.599976 1
1.312072 1
0.118950 12
0.185030 1
1.856396 1
0.247112 1
0.192481 13
0.366571 4
0.713602 1
0.326979 1
0.320924 1
0.119184 1
0.184021 1
0.119478 1
0.385227 2
2.217700 50
0.004617 1
43.167685 1
0.200660 1
0.183850 1
1.032819 1
0.246276 1
0.201410 1
0.167144 18
0.203328 2
0.588779 15
0.007349 79
0.002307 2832
0.000804 1217
2.270994 57
0.718728 78
0.501628 66
0.031300 69
0.028966 55
0.032215 92
0.027821 54
0.031250 1
0.031122 1
0.029284 1
0.030530 1
0.030773 1
0.030824 1
0.029792 1
0.030014 1
0.031485 1
0.030341 1
0.030534 1
0.030760 1
0.028782 1
0.031636 1
0.029755 2
95.551331 2
0.500579 2
0.031584 2
0.030790 2
0.030103 2
0.030710 2
0.028931 1
0.030757 6
0.477977 6
0.159456 6
0.135868 6
0.176288 27
1.767338 1
0.183902 1
0.352139 51
0.824965 50
0.003034 25
0.564660 2
0.241872 15
0.006423 79
0.003540 2832
0.000735 39
2.323253 1
0.136021 1
0.343207 51
0.151997 50
0.002508 1
5.894245 1
0.094514 1
0.096439 1
0.112519 4
0.832755 4
0.167326 4
0.143533 4
0.136284 1
0.136261 1
0.327014 1
0.136413 4
0.424272 4
0.136221 1
0.159459 1
0.416570 1
0.103535 1
0.112270 1
0.103713 1
0.152451 4
0.808523 1
0.743976 1
0.183171 1
0.200828 1
0.246874 2
0.179794 1
1.532816 1
0.216154 1
0.215844 1
1.152773 1
0.135169 1
0.088179 1
2.975853 1
0.384216 1
0.360361 1
0.159388 1
0.183196 1
0.169314 2
1.640167 1
1.592117 1
0.559386 1
0.776376 1
0.254149 1
0.225180 1
0.175879 2
1.826311 48
0.032514 50
0.003229 1
45.650212 1
0.151744 2
0.207882 392
0.010832 50
0.000721 31
357.870900 1
0.295080 1
0.143897 2
0.257777 442
0.007182 1
1.216062 1
0.143458 1
0.119332 1
4.192744 1
0.240423 1
0.137836 1
1.141760 1
0.391340 22
0.288448 1
3.744886 1
0.499553 1
0.029264 1
0.030579 1
0.031048 1
0.030605 1
0.029779 1
0.029963 1
0.030381 1
0.031345 1
0.029368 1
0.031911 1
0.029688 1
0.029551 1
0.030176 1
0.030556 1
0.031162 1
0.031177 1
0.029860 1
0.030887 1
0.030463 1
0.030862 1
0.029701 1
0.031826 1
0.029013 1
0.030052 5
0.995459 78
0.607147 4
0.743405 1
0.400507 1
1.312293 1
0.559797 1
0.392345 1
0.382433 1
0.176959 18
0.138489 4
0.926284 1
0.559864 1
0.110193 1
8.600943 1
0.103473 1
0.208272 1
0.224183 1
0.112258 1
1.352114 1
0.143821 1
0.103291 1
0.159030 1
0.233327 2
0.184422 1
0.488385 1
0.200152 1
0.791117 1
0.120080 1
0.088029 1
0.135884 3
0.140267 2
0.750311 78
0.003009 73
0.000388 50
0.000969 73
8.217202 1
0.239840 1
0.501288 1
0.028979 1
0.032074 1
0.030459 1
0.029519 1
0.030176 1
0.031819 1
0.029966 1
0.029713 1
0.029804 1
0.031262 1
0.031335 1
0.030091 1
0.031493 1
0.029034 1
0.031027 1
0.028700 1
0.030583 1
0.030228 1
0.028676 1
0.032207 1
0.031159 1
0.030309 1
0.030624 1
0.030998 1
0.030120 1
0.030814 1
0.030658 1
0.028909 1
0.030645 1
0.030991 1
0.030785 1
0.029362 1
0.029821 1
0.030361 1
0.031040 1
0.030502 1
0.030314 1
0.031780 1
0.174506 1
0.168219 5
0.409475 2
0.278790 50
0.010819 1
2.237177 1
0.151490 1
0.135475 1
0.384712 1
0.118992 1
0.211338 1
0.213395 1
0.143532 1
0.705181 1
0.143320 1
0.062907 1
0.120000 1
0.168522 1
0.216477 1
0.151662 1
0.174430 1
1.122736 1
0.126743 1
0.079506 4
0.192001 2
0.402681 1577
0.007975 50
0.000704 1
10.045840 1
0.151768 2
0.289764 244
0.006965 50
0.000557 2
3.951026 20
0.343329 139
0.424704 73
1.982932 4
0.384718 5
0.184033 4
0.159062 4
0.224021 4
0.273284 4
0.231049 4
0.224740 3
0.999303 45
0.312712 41
0.272254 41
0.183609 62
0.152524 1
2.814962 1
0.175251 1
0.296580 1
0.136256 2
0.192595 1
2.231369 1
0.174830 1
0.169303 1
0.520270 1
1.191566 1
0.296350 1
0.151033 1
0.143721 1
0.192976 1
0.383074 1
2.209437 1
0.271444 1
0.159499 1
0.215928 1
0.175710 21
0.168408 2
0.641683 60
0.005163 42
0.689641 11
0.631795 11
0.303725 13
0.384289 1
0.864575 1
0.310504 1
0.320423 1
0.191989 18
0.145482 2
0.409021 60
0.005141 30
0.912000 1
0.208004 1
0.151904 2
0.183895 1481
0.005937 60
0.001060 64
7.554618 30
0.214451 2
44.359901 2
0.111882 2
0.088038 2
0.088456 2
0.134504 4
0.944762 4
0.112294 4
0.104463 4
0.117818 4
0.120885 1
0.112212 1
0.580349 1
0.076665 1
0.101778 1
0.097801 1
0.103511 1
0.256754 1
0.119575 3
0.171281 1
0.901432 1
0.175732 1
0.119067 1
0.304496 2
0.297483 1
1.863193 1
0.384348 1
1.167895 1
0.206566 18
1.560090 1
1.362255 42
1.422845 64
1.840737 2
0.575504 40
0.575990 64
1.816064 37
5.985222 2
9.846969 60
0.024757 1
5.566727 1
0.143824 1
0.391982 1
0.191298 1
0.144184 1
0.736500 1
0.166939 1
0.095703 1
0.817283 1
0.149303 1
0.056837 1
0.216778 1
0.136704 1
0.647376 1
0.135990 1
0.128287 1
0.103592 1
0.552723 1
0.150735 7
0.194129 2
0.888179 714
0.002852 2
44.458154 62
0.001147 26
0.400387 2
0.249024 714
0.002809 2
2.722565 62
0.002035 26
0.711683 107
1.616254 8
3.063728 11
0.358376 11
0.151954 4
0.648486 4
0.152707 4
0.134957 4
0.192013 1
0.745374 1
0.311510 1
0.231660 1
0.191940 1
0.431290 1
0.881711 1
0.278627 1
0.240683 1
1.296544 18
1.322547 2
0.734085 420
0.015825 60
0.000544 39
0.943101 9
0.711053 11
0.263001 4
0.665610 4
0.159734 4
0.118941 4
0.135565 4
0.153477 4
0.503751 1
0.238892 1
0.216689 1
0.184129 21
0.287632 2
2.409290 180
0.009543 60
0.000794 43
41.068823 50
1.472456 6
1.095870 8
0.239056 8
0.215952 7
0.223649 4
0.585250 5
0.584367 5
0.238989 5
0.143040 5
0.168631 2
0.754246 60
0.028695 37
0.969690 6
2.143379 8
0.239413 8
0.168114 5
0.264643 4
1.057092 5
1.983589 5
0.238615 5
0.144385 5
0.087208 5
0.225591 5
0.176044 2
0.537502 568
0.011211 39
3.194859 102
1.144795 62
0.383207 2
0.953746 180
0.010073 60
0.001118 1
3.915284 1
0.175131 1
0.136465 1
0.734741 1
0.273434 1
0.158469 23
0.233066 2
0.432944 15
0.006759 3203
0.001080 40
3.663390 1
0.183753 1
0.703744 1
0.551884 34
0.130234 48
0.003788 60
0.000618 29
0.858842 11
0.917522 11
0.159266 13
0.161791 1
0.944716 1
0.640066 1
0.287914 1
0.128065 18
0.167533 2
0.624918 2926
0.008114 2
3.423804 2
0.500172 2
0.030432 2
0.030193 2
0.486354 5
0.743636 65
0.761107 1
0.488317 35
0.295426 35
0.499000 35
0.029882 35
0.032375 35
0.029865 35
0.030162 35
0.029607 35
0.031061 35
0.030230 35
0.029770 35
0.030873 35
0.030076 35
0.031335 35
0.029332 35
0.029946 35
0.030933 35
0.031875 35
0.029551 35
0.156801 35
0.160756 35
0.135254 33
0.112689 33
0.119989 33
0.167964 33
0.384669 43
0.343169 19
5.631637 17
0.970204 95
0.326380 68
0.480018 19
0.448190 19
4.231752 19
0.344190 19
0.150895 19
0.127610 19
0.128709 62
0.617003 5
1.032177 35
0.287768 35
0.500664 35
0.028785 35
0.032785 35
0.029252 35
0.030250 35
0.031150 35
0.030746 35
0.030549 35
0.030451 35
0.029503 35
0.030803 35
0.029858 35
0.029655 35
0.029388 35
0.031007 35
0.030446 35
0.030961 35
0.030467 35
0.141901 35
0.160625 33
0.127336 33
0.128314 33
0.127376 33
0.337616 43
0.320396 17
1.768163 44
0.847380 1
0.112687 1
0.126791 1
1.400371 30
5.185797 48
0.003016 60
0.000730 25
2.138763 50
0.360226 172
0.310804 50
0.248419 102
1.032837 62
0.552071 50
0.527912 103
0.303015 107
0.391990 2
5.232252 60
0.030396 37
0.985994 100
0.383199 50
0.783552 172
0.433561 50
0.479629 102
0.303716 62
0.304170 50
0.280496 103
0.278207 2
0.785710 743
0.001822 2
63.946747 62
0.002345 26
0.598482 107
0.640423 2
1.639111 60
0.027024 37
1.661258 70
1.464243 27
0.792070 18
0.223298 53
0.553532 45
0.622632 45
0.296684 45
0.126952 45
0.080759 45
0.191740 45
0.112623 47
0.151944 2
0.354645 420
0.010630 60
0.000620 1
20.769741 1
0.151943 1
0.158567 4
0.481844 4
0.142921 4
0.143980 1
0.152732 1
0.272395 1
0.135039 1
0.144834 1
2.647218 1
0.224430 1
0.255851 19
0.198731 2
0.339884 103
0.006566 2823
0.000249 40
4.638176 1
0.128378 1
0.303140 51
0.137316 60
0.000666 25
6.087707 2
0.961104 15
0.006164 2911
0.001594 39
7.406927 1
0.182360 1
0.369188 51
0.152574 60
0.000762 1
5.373825 1
0.528807 1
0.126251 1
1.448873 1
0.320523 1
0.399528 1
0.263922 1
0.232211 4
0.664095 4
0.167784 1
0.639358 1
0.217030 1
0.238574 4
1.257986 4
0.158460 4
0.625912 4
0.198585 1
2.111970 1
0.265606 1
0.158483 1
0.160401 1
0.176991 21
0.158720 2
0.737197 3218
0.006263 39
4.640848 1
0.126947 1
0.321027 51
0.136340 60
0.000645 29
0.861485 50
0.233041 109
0.416491 5
2.351909 8
0.216040 8
0.175075 8
0.216736 4
0.471544 5
0.617823 5
0.270102 5
0.159158 5
0.129626 5
0.710612 5
0.225312 5
0.184384 69
0.431465 8
0.568818 11
0.334824 11
0.336711 1
0.992517 1
0.262798 1
0.176380 1
0.632055 1
0.175023 22
1.568017 5
1.455310 2
0.603064 177
0.089591 60
0.002219 29
9.154338 82
0.279885 64
0.184809 73
0.151055 17
0.190793 33
0.425476 2
0.241893 823
0.003995 2
42.225379 62
0.002897 26
2.285946 120
0.224228 70
1.351909 27
0.710661 18
0.328878 9
1.606881 5
0.520886 5
0.239340 5
0.409229 5
0.183570 84
0.471849 11
0.639591 11
0.183289 13
0.135666 1
0.977206 1
0.319912 1
0.239958 1
0.142928 18
0.376805 2
1.163383 60
0.032162 30
1.859878 29
1.840792 54
0.463875 120
0.215896 17
0.089538 17
0.183103 33
0.584900 2
0.222888 825
0.005677 2
2.426011 62
0.001869 26
0.534675 115
0.384510 103
3.376043 120
0.654470 70
1.528005 27
0.856374 18
0.231554 9
0.639783 5
0.767688 5
0.266958 5
0.134744 5
0.197106 5
0.154277 5
0.120602 2
0.318434 862
0.010165 60
0.000291 44
1.902228 70
0.415877 27
1.008242 21
0.183525 10
0.648772 5
0.488769 5
0.240167 5
0.135940 5
0.151700 2
0.265699 60
0.028782 42
0.857040 122
0.199587 2
0.370601 862
0.009461 60
0.000733 30
13.578350 1
18.449225 1
0.095360 4
2.839340 4
0.159931 1
0.104981 1
0.127506 1
0.807757 1
0.128209 1
0.383551 1
0.208599 1
0.152239 1
0.103303 1
2.183734 1
0.176344 1
0.536399 1
0.191672 4
0.712238 4
0.499900 4
0.030865 4
0.029884 4
0.030475 4
0.031396 4
0.028687 4
0.030458 4
0.031163 4
0.029720 1
0.031009 1
0.029123 1
0.031133 1
0.029966 1
0.215997 1
0.095545 4
0.249179 1
0.535691 1
0.543363 1
0.255580 1
0.161101 1
0.110348 1
0.210668 44
1.142316 1
1.199721 1
0.160150 1
0.096135 1
0.319222 1
0.072820 1
0.207904 1
0.223203 1
0.120607 1
0.094617 1
0.162634 1
0.582455 1
0.216596 2
0.243150 68
0.007142 42
0.000763 1
3.652342 1
0.119833 1
0.161128 1
0.207359 1
0.103474 1
0.095796 1
1.113508 1
0.165982 1
0.200670 1
0.192555 1
1.048309 1
0.248645 1
0.287898 1
0.175100 5
0.134451 2
0.587714 42
0.002465 1
0.948255 1
0.135471 2
0.177543 160
0.006268 42
0.000600 27
9.391678 29
1.439266 17
0.656443 57
0.152466 174
0.199393 177
0.111523 126
0.856199 61
0.463832 27
0.592281 15
0.191187 8
0.585712 5
0.624511 5
0.238722 5
0.135810 5
0.247931 5
0.308269 72
0.948718 2
0.544944 42
0.035880 29
0.619237 1
0.855213 1
0.216572 1
0.159403 1
0.159642 1
2.104390 1
0.192159 1
0.415805 1
0.135398 1
0.135881 1
0.096364 1
0.136837 39
0.110773 1
0.121313 1
0.111331 1
0.127880 1
0.232175 1
0.216834 1
0.143457 46
1.079786 29
0.752234 1
0.879006 1
0.224044 1
0.224327 1
0.200850 46
1.584448 29
3.981986 1
0.769163 1
0.094868 1
0.209118 1
0.135922 46
0.503951 1
5.007944 1
0.167458 1
0.344389 1
0.175606 1
0.151532 4
0.832357 4
0.136583 4
0.102472 4
0.232364 4
0.105649 1
0.126563 1
0.104434 29
0.296544 55
0.783414 108
0.183887 73
0.409365 30
0.680737 2
0.255810 761
0.002301 67
3.333184 85
0.011755 64
0.001100 67
59.992229 85
0.010228 64
0.001596 2
6.589079 44
0.001137 29
14.880130 38
0.432046 136
1.463446 57
0.184152 57
0.304587 60
0.542625 46
135.206972 6
